  PID  PPID
    1     0
    2     0
    3     2
    5     2
    7     2
    8     2
    9     2
   10     2
   11     2
   12     2
   13     2
   14     2
   15     2
   16     2
   17     2
   18     2
   19     2
   20     2
   21     2
   22     2
   23     2
   24     2
   27     2
   28     2
   29     2
   30     2
   31     2
   32     2
   33     2
   45     2
   47     2
   48     2
   69     2
   70     2
  113     2
  114     2
  115     2
  117     2
  119     2
  164     2
  165     2
  292     1
  316     1
  330     2
  331     2
  400     1
  414     1
  436     1
  554     1
  580     1
  592     1
  593   592
  607     2
  641     1
  745     1
  802     1
  959     1
  963     1
  965     1
  972     1
  973     1
  976     1
 1019     1
 1030     1
 1034     1
 1035     1
 1037     1
 1063     1
 1065     2
 1070     1
 1102     1
 1119     1
 1127   641
 1144     1
 1230   965
 1435     1
 1446     1
 1663     1
 1720     1
 1731   965
 1868     1
 1905     1
 1951     1
 1986     2
 1988  1868
 2000  1868
 2222     1
 2390     1
 2570     1
 3127 25602
 3128  1019
 3180  3128
 3181  3180
 3202     1
 4444     1
 4775     1
 4907  3181
 4908  4907
 4909  4908
 4934  4909
 4935  4934
 7137     2
 7168  1868
 7169  1868
 7696     2
11093     1
11103     2
12682 23385
14728     2
17085     1
17363     1
20100     1
21873     1
21874 21873
22092     2
22205     2
23328  1019
23337     1
23384 23328
23385 23384
23404     1
25545  1019
25554     1
25556     2
25565     2
25601 25545
25602 25601
25621     1
26657  1019
26666     1
26753 26657
26754 26753
26773     1
27573     2
28692     2
31665  1019
31717 31665
31718 31717
31737     1
